[2020-09-27 13:43:49 EDT] iverilog '-Wall' '-g2012' design.sv testbench.sv
&& unbuffer vvp a.out
VCD info: dumpfile count.vcd opened for output.
 0, 0, 1, 0, x
 5, 1, 1, 1, 0
 10, 0, 0, 1, 0
 15, 1, 0, 1, 1
 20, 0, 0, 1, 1
 25, 1, 0, 1, 2
 30, 0, 0, 1, 2
 35, 1, 0, 1, 3
 40, 0, 0, 1, 3
 45, 1, 0, 1, 4
 50, 0, 0, 1, 4
 55, 1, 0, 1, 5
 60, 0, 0, 1, 5
 65, 1, 0, 1, 6
 70, 0, 0, 1, 6
 75, 1, 0, 1, 7
 80, 0, 0, 1, 7
 85, 1, 0, 1, 8
 90, 0, 0, 1, 8
 95, 1, 0, 1, 9
 100, 0, 0, 1, 9
 105, 1, 0, 1, 10
 110, 0, 0, 1, 10
 115, 1, 0, 1, 11
 120, 0, 0, 1, 11
 125, 1, 0, 1, 12
 130, 0, 0, 1, 12
 135, 1, 0, 1, 13
 140, 0, 0, 1, 13
 145, 1, 0, 1, 14
 150, 0, 0, 1, 14
 155, 1, 0, 1, 15
 160, 0, 0, 1, 15
 165, 1, 0, 1, 14
 170, 0, 0, 1, 14
 175, 1, 0, 1, 13
 180, 0, 0, 1, 13
 185, 1, 0, 1, 12
 190, 0, 0, 1, 12
 195, 1, 0, 1, 11
 200, 0, 0, 1, 11
 205, 1, 0, 1, 10
 210, 0, 0, 1, 10
 215, 1, 0, 1, 9
 220, 0, 0, 1, 9
 225, 1, 0, 1, 8
 230, 0, 0, 1, 8
 235, 1, 0, 1, 7
 240, 0, 0, 1, 7
 245, 1, 0, 1, 6
 250, 0, 0, 1, 6
 255, 1, 0, 1, 5
 260, 0, 0, 1, 5
 265, 1, 0, 1, 4
 270, 0, 0, 1, 4
 275, 1, 0, 1, 3
 280, 0, 0, 1, 3
 285, 1, 0, 1, 2
 290, 0, 0, 1, 2
 295, 1, 0, 1, 1
 300, 0, 0, 1, 1
 305, 1, 0, 1, 0
 310, 0, 0, 1, 0
 315, 1, 0, 1, 15
Done
